blockDim.x=16 blockDim.y=1    grid = 1 x 8
numBlocks = 8,  threadsPerBlock = 512   shared_mem_size = 288
5.00 5.00 5.00 5.00 5.00 5.00 5.00 5.00 5.00 5.00 
5.00 1.00 1.00 1.00 1.00 1.00 1.00 1.00 1.00 5.00 
5.00 1.00 1.00 1.00 1.00 1.00 1.00 1.00 1.00 5.00 
5.00 1.00 1.00 1.00 1.00 1.00 1.00 1.00 1.00 5.00 
5.00 1.00 1.00 1.00 1.00 1.00 1.00 1.00 1.00 5.00 
5.00 1.00 1.00 1.00 1.00 1.00 1.00 1.00 1.00 5.00 
5.00 1.00 1.00 1.00 1.00 1.00 1.00 1.00 1.00 5.00 
5.00 1.00 1.00 1.00 1.00 1.00 1.00 1.00 1.00 5.00 
5.00 1.00 1.00 1.00 1.00 1.00 1.00 1.00 1.00 5.00 
5.00 5.00 5.00 5.00 5.00 5.00 5.00 5.00 5.00 5.00 

5.00 5.00 5.00 5.00 5.00 5.00 5.00 5.00 5.00 5.00 
5.00 2.85 2.09 2.09 2.09 2.09 2.09 2.09 2.85 5.00 
5.00 2.09 0.95 0.95 0.95 0.95 0.95 0.95 2.09 5.00 
5.00 2.09 0.95 0.95 0.95 0.95 0.95 0.95 2.09 5.00 
5.00 2.09 0.95 0.95 0.95 0.95 0.95 0.95 2.09 5.00 
5.00 2.09 0.95 0.95 0.95 0.95 0.95 0.95 2.09 5.00 
5.00 2.09 0.95 0.95 0.95 0.95 0.95 0.95 2.09 5.00 
5.00 2.09 0.95 0.95 0.95 0.95 0.95 0.95 2.09 5.00 
5.00 2.85 2.09 2.09 2.09 2.09 2.09 2.09 2.85 5.00 
5.00 5.00 5.00 5.00 5.00 5.00 5.00 5.00 5.00 5.00 

Processing time: 0.060000 (ms)
